30 30
0 0
29 29
1 1 1 1 1 1 1 1 1 1 1 1 1 2 2 2 1 1 1 1 1 1 1 1 1 1 1 1 1 1
1 1 1 1 1 1 1 1 2 2 2 2 2 2 2 2 2 2 2 2 1 1 1 1 1 1 1 1 1 1
1 1 1 1 1 1 1 2 2 2 2 2 2 2 2 2 2 2 2 2 2 2 2 1 1 1 1 1 1 1
1 1 1 1 1 1 1 2 2 2 2 2 2 2 2 2 2 2 2 2 2 2 2 1 1 1 1 1 1 1
1 1 1 1 1 1 1 1 1 2 2 2 2 2 2 2 2 2 2 2 2 2 1 1 1 1 1 1 1 1
1 1 1 1 1 1 1 1 1 1 1 1 2 2 2 2 2 2 2 1 1 1 1 1 1 1 1 1 1 1
1 1 1 1 1 1 1 1 1 1 1 1 1 1 1 1 1 1 1 1 1 1 1 1 1 1 1 1 1 1
1 1 1 1 1 1 1 1 1 1 1 1 1 1 1 1 1 1 1 1 1 1 1 1 1 1 1 1 1 1
1 2 2 2 2 1 1 1 1 3 3 3 3 3 3 3 3 3 3 3 1 1 1 1 1 1 1 1 1 1
2 2 2 2 2 2 1 1 3 3 4 4 4 4 4 4 4 4 4 3 3 1 1 1 1 1 1 1 1 1
3 3 3 3 3 3 2 1 3 4 6 6 6 6 6 6 6 6 4 4 3 2 1 1 1 1 1 1 1 8
3 3 3 3 3 2 1 1 3 4 6 8 8 8 8 8 8 6 6 4 3 2 2 2 1 1 1 1 8 8
2 2 2 2 1 1 1 1 3 4 6 8 8 9 9 8 8 8 6 4 3 2 2 2 2 1 1 8 8 8
1 1 1 1 1 1 1 1 3 4 6 8 8 9 9 9 8 8 6 4 3 2 2 2 1 1 8 8 8 1
1 1 1 1 1 1 1 1 3 4 6 8 8 9 9 9 8 8 6 4 3 2 2 1 1 8 8 8 1 1
1 1 1 1 1 1 1 1 3 4 6 6 8 8 8 8 8 8 6 4 3 2 1 1 8 8 8 2 2 2
1 1 1 1 1 1 1 1 3 4 4 6 6 6 6 6 6 6 6 4 3 1 1 8 8 8 2 2 2 2
1 1 1 1 1 1 1 1 3 3 4 4 4 4 4 4 4 4 4 3 3 1 8 8 8 2 2 2 2 2
9 9 9 9 9 9 1 1 1 3 3 3 3 3 3 3 3 3 3 3 1 8 8 8 1 2 2 2 2 2
9 9 9 9 9 9 9 1 1 1 1 1 1 1 1 1 1 1 1 1 8 8 8 1 1 1 2 2 2 2
9 9 9 9 9 9 9 9 9 9 1 1 1 8 8 8 8 8 8 8 8 8 1 1 1 1 2 2 2 2
1 9 9 9 9 9 9 9 9 9 9 9 9 8 8 8 8 8 8 8 8 1 1 1 1 1 1 2 2 2
9 9 9 9 9 9 9 9 9 9 9 9 9 9 2 2 2 2 2 2 2 1 1 1 1 1 1 1 2 2
9 9 9 9 9 9 9 9 9 9 9 9 9 9 2 2 2 2 2 2 2 2 1 1 1 1 1 1 1 2
9 9 9 9 9 9 9 9 9 9 9 9 2 2 2 2 2 2 2 2 2 1 1 1 1 1 1 1 1 1
9 9 9 9 9 9 9 9 9 9 1 1 1 1 1 1 1 1 1 1 1 1 1 1 1 1 1 1 1 1
9 9 9 9 9 9 9 9 1 1 1 1 1 1 1 1 1 1 1 1 1 1 1 1 1 1 1 1 1 1
9 9 9 9 9 9 1 1 1 1 1 1 1 1 1 1 1 1 1 1 1 1 1 1 1 1 1 1 1 1
9 9 9 9 9 9 9 1 1 1 1 1 1 1 1 1 1 1 1 1 1 1 1 1 1 1 1 1 1 1
9 9 9 9 9 9 9 9 9 9 9 1 1 1 1 1 1 1 1 1 1 1 1 1 1 1 1 1 1 1